 function R_joint = Rj_map()
    R_joint = [ 0 , 0 , 0 , 0 , 0 , 1 ;
         0 , 0 , 0 , 0 , 1 , 0 ;
         0 , 0 , 0 ,-1 , 0 , 0 ;
         0 , 0 ,-1 , 0 , 0 , 0 ;
         0 , 1 , 0 , 0 , 0 , 0 ;
         1 , 0 , 0 , 0 , 0 , 0 ] ;  
 end